161 158 155 154 163 172 156 107 97 106 106 107 112 122 126 130 131 130 132 133 134 133 133 134 133 131 131 131 133 133 132 130 129 129 129 126 117 109 138 158 154 153 155 153 153 155 154 186 221 160 106 121 122 121 123 124 124 125 124 128
157 156 155 155 165 170 151 104 94 104 105 103 111 121 125 128 130 131 130 132 133 132 132 132 132 131 130 130 133 131 131 129 128 128 128 127 118 108 123 153 159 158 159 156 155 153 152 161 211 204 119 113 120 121 122 124 126 131 95 50
156 158 156 161 166 163 150 105 94 105 104 103 111 120 124 128 130 131 130 131 132 131 132 131 130 130 130 129 133 133 131 129 128 127 128 127 122 111 112 145 162 162 162 159 156 153 152 148 180 223 171 107 119 122 122 128 135 93 46 48
157 159 160 167 164 160 151 103 93 105 105 103 110 120 124 127 128 128 130 130 130 129 132 129 123 125 126 125 128 130 131 128 127 126 126 127 122 112 113 140 158 161 159 158 156 155 154 150 151 205 218 134 112 122 123 131 91 46 47 52
160 162 166 166 161 161 150 101 93 104 103 103 110 119 122 125 127 125 128 128 129 130 129 127 123 121 121 118 122 128 130 127 128 126 126 126 121 114 113 135 152 157 157 156 155 156 155 151 143 170 225 193 108 116 129 90 43 53 53 49
160 165 161 152 160 162 150 101 91 104 104 103 111 119 123 125 126 128 129 127 129 128 129 133 137 146 159 158 147 132 121 124 130 128 127 126 120 113 111 133 146 151 155 154 154 154 150 145 142 144 201 225 149 113 87 43 50 57 49 46
163 167 143 138 162 165 152 100 88 101 102 104 112 120 123 125 126 128 128 130 133 128 140 146 152 164 175 178 183 187 169 129 120 126 125 123 117 111 110 134 145 147 152 152 149 148 145 141 140 139 160 221 216 100 41 48 54 51 49 47
170 157 109 133 166 166 152 98 83 96 99 102 108 116 119 123 124 125 130 129 128 125 132 136 145 156 167 177 184 188 196 191 147 113 116 119 114 108 107 135 148 145 146 150 145 143 144 142 141 143 140 194 207 60 43 54 50 49 48 47
169 131 84 134 167 166 150 95 82 98 100 100 106 114 117 120 123 129 121 113 120 126 131 134 136 148 165 177 184 190 194 196 199 166 114 106 111 106 105 137 154 149 135 137 147 144 145 142 144 145 149 153 79 40 51 50 51 50 53 54
152 99 86 135 167 167 149 95 83 98 100 101 107 114 117 121 123 125 111 115 120 123 127 134 135 143 159 180 187 186 190 197 205 217 207 107 98 101 103 136 155 154 124 100 140 147 145 143 144 146 154 84 38 50 50 49 50 57 67 127
116 86 90 134 166 167 148 95 85 97 101 101 107 114 118 122 123 111 112 118 117 121 130 137 140 143 157 175 177 188 205 207 206 207 220 184 85 91 99 135 155 154 128 62 111 148 145 143 144 152 114 43 49 53 49 50 53 75 125 150
90 90 90 132 164 167 148 95 85 99 99 101 106 115 118 123 116 112 115 116 118 128 135 140 141 139 150 165 190 203 202 199 202 205 209 219 171 85 90 136 155 155 131 55 72 135 147 141 148 140 53 46 55 48 51 51 61 119 149 157
90 92 92 132 163 166 149 96 83 97 101 100 106 115 117 132 106 112 113 117 125 137 138 141 131 131 162 190 194 191 195 203 205 206 206 208 224 164 78 132 154 155 132 60 41 90 142 144 147 82 41 53 53 51 51 48 104 144 154 165
91 90 88 130 163 165 150 96 81 94 98 100 107 110 123 143 102 111 114 121 131 135 135 126 129 167 186 184 184 193 197 200 201 203 203 207 210 222 111 123 154 155 133 61 33 94 192 208 164 43 51 55 53 52 48 79 145 151 161 159
91 93 91 129 164 167 149 93 78 95 99 100 105 108 146 139 101 111 117 125 125 129 123 133 170 173 175 178 187 190 190 193 197 201 202 204 205 215 178 120 155 157 124 52 114 195 213 220 209 57 50 51 48 50 61 136 151 160 159 158
97 99 96 129 164 169 153 96 82 98 102 102 108 108 161 128 99 108 118 122 125 123 133 160 162 171 179 181 183 178 184 193 196 198 191 194 202 203 209 175 150 149 130 157 202 208 205 209 209 62 50 48 49 43 107 154 158 158 157 156
100 100 99 132 164 172 157 97 84 98 101 100 105 105 169 126 102 105 112 121 119 133 150 146 158 171 172 174 172 177 180 182 187 187 182 192 196 194 193 196 163 172 195 205 205 203 203 216 192 52 50 46 49 76 146 156 160 157 156 154
99 98 99 132 168 175 159 98 83 97 99 99 102 107 183 138 110 107 114 119 131 146 139 147 154 165 168 167 173 175 172 178 181 181 188 188 182 182 176 183 191 201 202 201 200 203 192 216 158 40 50 47 56 128 153 160 160 157 156 156
97 96 97 132 168 174 158 99 85 99 99 99 100 108 182 153 126 102 111 127 140 132 143 148 148 154 164 170 168 169 165 165 172 178 180 175 173 170 182 194 198 197 198 200 205 189 163 188 98 44 48 47 93 149 157 161 159 158 158 157
96 95 98 135 168 173 159 100 84 98 98 98 97 108 188 160 138 108 122 137 127 139 140 139 147 153 154 157 149 155 163 165 169 168 163 162 172 186 194 194 194 197 201 205 207 166 146 169 56 49 50 62 138 153 160 157 157 157 157 156
98 98 103 136 169 174 161 98 81 97 98 99 96 107 198 171 149 122 125 124 135 135 131 139 144 133 117 106 143 130 130 133 122 99 145 173 191 197 193 193 199 203 208 207 165 103 147 133 39 48 49 96 151 158 159 157 156 155 155 154
101 99 106 139 170 174 162 99 81 97 99 99 97 99 196 180 132 123 114 130 132 129 132 136 130 123 105 79 110 98 85 68 39 87 164 193 196 193 193 196 204 203 160 111 97 139 153 56 47 50 53 131 155 162 160 158 156 155 154 153
105 100 104 137 168 173 162 100 81 96 99 99 99 91 173 189 143 126 123 129 125 128 133 130 108 83 64 65 90 82 77 63 100 166 185 186 187 188 192 196 163 130 120 130 170 153 52 49 48 49 86 149 162 164 161 159 157 155 155 153
107 102 102 135 169 173 162 101 80 95 98 98 100 97 135 200 163 122 128 122 124 129 115 91 73 64 53 71 63 83 73 109 171 192 182 179 178 187 192 124 88 116 153 183 145 52 48 54 48 52 116 154 166 164 163 160 158 157 155 153
108 103 97 130 168 175 163 101 78 94 97 98 102 108 99 183 178 124 119 125 126 122 84 79 63 66 63 56 58 68 103 149 190 181 177 175 180 189 196 139 87 109 149 120 44 48 56 50 47 73 128 159 167 163 163 161 160 158 156 153
106 103 94 127 167 175 164 102 78 96 99 99 102 112 101 176 171 114 117 127 120 79 57 59 72 63 83 48 46 96 134 179 181 168 172 172 191 199 203 176 75 74 141 69 43 56 59 47 47 103 138 159 165 164 163 163 161 159 157 153
105 102 95 127 168 175 165 105 80 98 103 100 106 118 108 154 146 109 126 108 73 61 52 52 60 72 83 46 103 163 160 180 175 163 165 184 198 202 210 198 94 46 130 74 50 59 57 47 58 130 153 154 153 155 158 161 161 158 156 153
104 100 93 126 168 176 165 105 83 99 103 102 108 117 116 126 136 126 122 72 57 54 65 52 56 66 64 98 154 182 168 178 165 162 172 187 198 203 210 211 127 42 110 85 52 61 54 47 86 144 162 161 157 154 149 148 150 151 153 152
101 99 93 126 168 177 165 104 82 99 103 102 108 116 126 113 111 132 90 60 67 55 62 49 64 60 70 144 170 180 179 136 139 162 179 181 193 196 207 210 132 41 92 100 57 62 51 51 115 148 162 160 162 163 155 150 146 144 144 145
102 102 93 124 168 178 167 105 82 99 102 101 104 117 147 106 95 96 74 71 70 54 62 45 64 58 131 181 180 169 131 121 104 98 144 171 188 194 171 119 95 52 79 112 59 58 49 66 131 155 159 157 156 158 156 154 155 151 144 136
99 97 86 120 169 178 167 106 80 97 100 94 120 150 153 125 69 72 84 82 56 61 57 65 39 99 172 197 161 75 56 66 79 91 130 154 195 167 77 71 59 50 74 118 62 52 47 85 144 158 155 154 155 155 154 153 153 149 142 136
98 94 80 116 170 180 167 106 84 101 101 84 114 178 124 61 65 66 83 88 44 62 48 46 61 144 189 181 113 70 79 115 182 106 120 149 201 113 81 132 55 44 74 124 67 50 49 113 152 158 153 153 153 153 152 149 145 137 134 146
103 95 78 115 170 183 171 110 90 109 104 102 133 119 64 90 66 72 96 109 53 45 49 40 110 180 176 124 138 136 123 142 163 144 123 146 203 148 133 109 68 50 73 131 66 47 63 131 155 155 151 153 152 152 147 141 136 150 174 186
97 87 69 109 169 183 173 111 87 107 122 137 93 56 75 103 59 71 101 108 59 46 44 73 158 180 107 126 152 162 160 159 165 150 132 138 203 179 142 120 94 52 68 137 61 45 79 142 156 153 151 150 149 147 141 136 166 193 192 190
86 80 64 107 169 182 171 110 86 114 127 104 75 71 105 85 44 58 82 80 96 43 47 122 186 97 99 131 149 167 178 177 172 152 138 133 199 184 150 134 101 55 63 136 59 45 102 151 157 152 151 149 146 143 134 162 196 196 192 196
77 74 60 105 167 177 169 109 90 112 112 96 89 73 101 72 50 46 57 71 124 56 69 170 136 50 107 131 144 158 173 175 165 145 133 130 191 185 150 136 90 52 58 133 70 52 125 159 156 152 148 146 144 137 144 191 194 196 204 204
78 73 53 101 167 176 169 107 90 126 101 93 83 87 112 81 47 47 84 108 99 50 112 165 50 63 102 129 139 152 159 165 159 135 129 126 181 192 146 133 70 56 55 126 82 63 142 158 154 152 149 147 142 135 174 196 196 205 208 206
82 74 54 102 167 177 171 113 94 111 90 94 79 81 103 92 54 49 75 86 33 106 168 90 36 77 103 127 137 147 153 158 154 128 122 117 162 182 143 117 50 60 52 114 98 85 153 156 151 150 149 147 140 145 193 196 204 207 207 208
79 75 69 122 167 175 172 113 83 109 85 79 80 80 102 117 61 81 55 76 91 139 126 44 48 86 109 125 134 145 149 156 157 143 124 128 165 164 141 85 45 68 55 96 112 114 155 155 150 149 147 145 137 160 197 202 207 208 210 208
75 72 71 131 166 175 174 114 81 119 86 86 65 68 88 110 102 75 63 144 142 115 56 53 53 87 112 127 134 141 144 152 154 150 157 189 197 160 128 55 50 73 59 79 124 135 155 153 150 147 146 144 135 171 200 208 207 208 210 211
65 66 70 128 168 177 175 112 92 115 81 76 61 79 83 84 110 81 151 160 116 66 53 55 58 78 103 127 133 140 139 130 135 138 141 162 158 143 95 45 56 74 61 67 132 143 155 152 148 148 145 143 133 177 207 209 208 209 212 212
57 62 73 131 171 180 173 124 98 118 76 56 65 99 98 93 88 126 175 137 96 44 52 55 60 70 90 120 127 136 145 123 114 122 135 149 133 128 57 47 57 74 66 63 140 150 155 152 150 147 146 143 133 187 213 210 210 212 213 211
54 55 75 127 169 181 175 116 94 105 83 59 70 117 100 94 112 136 161 126 54 53 51 57 62 66 76 104 118 129 140 141 130 127 138 145 149 89 43 52 56 77 70 65 146 153 155 154 153 149 146 140 131 197 216 213 215 211 207 207
50 50 89 125 165 179 173 110 92 91 74 55 63 112 120 107 106 114 156 61 50 55 52 53 58 58 63 78 105 125 136 140 143 150 155 155 124 52 49 58 56 83 74 67 147 155 156 153 152 150 145 137 127 202 218 214 213 210 210 213
48 49 87 128 165 178 174 109 83 74 74 59 57 98 86 120 124 118 82 48 54 57 53 51 53 57 61 61 64 99 123 138 152 166 169 159 89 48 56 57 60 89 78 71 147 151 152 151 151 149 142 133 133 211 215 213 213 210 198 163
48 42 71 122 166 176 169 124 110 70 67 62 48 110 93 93 121 131 110 61 55 62 54 51 50 57 59 64 79 101 118 130 146 157 160 161 122 67 51 52 62 91 82 79 143 121 124 132 139 144 140 127 147 216 211 210 207 159 76 52
86 57 57 97 162 173 174 130 93 52 64 59 72 80 108 108 104 106 120 108 60 59 57 50 51 54 58 60 107 128 131 137 143 143 151 181 202 188 133 58 54 88 79 83 141 130 123 115 108 110 113 110 148 211 208 210 158 66 57 82
139 115 68 80 160 173 170 139 95 38 67 80 85 67 89 92 88 122 125 94 85 52 60 51 57 54 66 61 102 123 128 138 139 142 159 180 190 199 212 186 84 69 71 81 145 146 141 135 124 110 103 108 141 213 213 162 69 74 89 88
125 153 102 79 163 177 169 157 69 45 60 62 67 60 70 71 79 115 130 111 105 53 61 52 59 56 82 71 100 124 134 140 140 148 161 171 180 189 200 215 200 78 56 83 147 147 144 142 137 129 123 124 178 217 203 101 79 97 103 94
70 159 129 76 164 179 172 138 58 48 55 51 80 51 64 76 88 94 133 103 111 64 59 51 58 51 91 79 95 131 135 140 142 148 156 165 175 185 196 206 222 168 42 85 148 146 144 141 138 131 126 155 203 218 171 86 97 107 96 102
48 151 133 70 164 180 175 135 58 50 45 63 84 51 55 58 91 86 130 107 115 68 63 54 54 55 103 87 99 133 136 137 141 146 153 161 171 182 193 206 214 219 72 87 152 147 144 138 133 124 154 205 215 211 128 90 109 100 98 102
40 144 140 70 163 179 174 128 55 45 48 73 72 53 49 53 68 95 130 119 126 76 65 59 51 75 125 89 105 135 139 137 138 143 150 158 167 179 192 203 210 224 127 94 151 144 141 139 131 122 185 215 217 183 107 98 109 96 103 92
37 134 148 73 160 179 174 132 53 45 55 56 63 53 49 58 65 90 122 94 66 69 81 65 52 96 128 87 117 137 140 138 136 140 147 155 163 173 188 200 208 218 175 113 151 144 141 139 132 127 183 209 214 149 106 99 95 98 97 92
36 119 152 82 157 179 174 138 61 49 57 53 59 57 53 60 73 81 96 96 100 48 52 47 64 113 119 85 130 140 142 139 137 139 146 152 159 168 183 196 205 213 208 137 120 134 144 144 139 140 143 192 208 127 97 91 90 99 93 91
30 110 163 87 151 178 176 132 68 46 49 58 60 57 47 54 89 95 67 81 71 46 45 48 89 123 90 99 137 140 143 141 138 137 143 149 155 165 176 191 204 211 221 140 76 86 96 106 127 149 144 204 182 94 85 85 97 94 97 70
54 112 175 97 149 178 178 124 64 47 52 53 58 60 49 49 57 113 115 78 45 44 40 66 113 104 71 128 138 139 141 143 140 137 139 145 152 159 171 186 200 208 219 170 93 96 77 54 52 154 181 210 120 64 79 98 88 96 92 59
92 130 177 111 147 179 178 121 59 49 50 51 56 64 52 57 60 73 110 75 44 40 53 91 97 69 111 135 138 139 141 143 142 139 139 141 148 156 165 178 194 205 213 200 101 105 96 77 58 165 197 136 60 69 94 88 82 106 86 65
76 120 171 117 145 180 181 112 49 51 56 55 61 71 80 61 67 76 108 61 44 42 58 72 85 114 128 132 136 139 141 143 146 143 140 141 145 153 162 173 187 200 210 215 118 95 104 99 100 145 128 73 72 91 94 70 101 108 73 62
55 94 184 139 144 181 180 95 48 51 59 62 64 63 96 73 68 75 93 67 42 55 88 109 122 127 129 131 135 137 140 142 145 146 145 144 146 151 159 169 181 193 205 217 146 86 108 116 117 107 100 98 89 90 73 88 118 92 59 55
48 85 200 160 144 180 177 89 46 55 65 65 80 67 86 84 75 65 68 85 58 82 109 120 124 127 129 131 134 136 138 141 145 145 148 148 149 153 159 166 176 189 200 212 177 87 101 119 123 120 125 100 87 84 83 120 108 61 55 82
