0 0 0 0 0 0 0 0 0 0 0 0 0 0 0 0 0 0 0 0 0 0 0 0 0 0 0 0 0 0 0 0 0 0 0 0 0 0 0 0 0 0 0 0 0 0 0 0 0 0 0 0 0 0 0 0 0 0 0 0 
0 0 0 0 0 0 0 0 0 0 0 0 0 0 0 0 0 0 0 0 0 0 0 0 0 0 0 0 0 0 0 0 0 0 0 0 0 0 0 0 0 0 0 0 0 0 0 0 0 0 0 0 0 0 0 0 0 0 0 0 
0 0 152 154 156 152 134 111 98 97 99 101 107 113 118 122 123 124 125 125 125 125 125 125 124 123 123 123 125 125 125 124 123 122 122 119 115 112 119 135 148 152 152 151 149 148 148 156 171 177 158 130 116 116 117 116 105 86 0 0 
0 0 154 156 156 150 133 110 97 97 99 101 106 113 118 121 122 123 124 124 124 125 124 123 122 121 121 122 123 124 124 123 122 121 121 119 115 111 117 131 145 151 152 151 149 148 147 149 161 177 174 147 123 115 113 104 85 66 0 0 
0 0 155 155 154 149 133 109 96 96 99 101 106 112 117 120 121 122 123 123 124 124 124 124 124 125 127 127 127 126 124 122 122 121 121 119 115 111 115 128 141 148 150 149 148 148 145 144 150 168 180 165 135 114 101 83 65 54 0 0 
0 0 150 149 152 149 133 108 95 95 98 101 106 112 117 119 121 122 123 123 124 124 126 129 133 138 143 145 143 139 133 126 123 121 120 118 114 110 114 126 138 144 147 147 146 145 143 140 142 156 176 178 150 112 83 63 53 49 0 0 
0 0 140 141 150 150 133 107 93 93 97 100 106 112 116 118 120 122 123 123 124 125 128 133 140 148 157 162 163 161 153 141 130 122 118 115 111 108 113 125 136 141 144 144 143 142 140 137 137 146 165 178 155 105 67 52 49 48 0 0 
0 0 127 133 148 151 133 106 90 91 95 99 104 110 114 117 119 121 120 120 121 123 127 132 139 149 159 168 173 176 173 163 148 132 120 112 108 106 111 125 137 140 139 139 139 139 138 137 136 140 152 158 135 87 56 48 48 48 0 0 
0 0 114 127 148 151 132 105 89 90 95 98 103 108 113 116 118 118 116 115 117 120 125 129 135 144 157 168 175 180 183 181 172 156 136 116 105 102 110 126 139 139 132 129 134 137 138 137 138 139 137 125 96 65 49 47 49 52 0 0 
0 0 105 125 147 151 132 104 89 90 95 98 102 108 112 115 116 115 112 112 115 119 124 128 133 141 154 166 175 181 186 190 190 183 164 133 108 99 107 126 140 138 123 114 122 134 138 138 138 135 120 92 66 51 47 48 52 63 0 0 
0 0 101 124 147 150 132 104 90 90 95 98 102 108 112 115 114 111 110 111 114 119 125 130 133 139 151 164 175 183 189 193 196 196 186 158 123 102 105 124 140 137 116 97 105 125 136 138 136 125 99 69 52 48 48 50 61 82 0 0 
0 0 100 124 146 150 132 104 89 90 94 98 102 108 113 115 112 109 109 112 116 122 128 131 133 139 151 165 178 186 191 193 196 198 196 182 152 119 108 123 139 137 112 85 86 111 132 139 132 109 77 56 49 48 49 56 76 104 0 0 
0 0 99 123 146 150 132 104 89 90 94 97 102 108 115 116 111 107 110 114 120 125 129 130 133 142 157 171 180 185 189 192 194 196 198 195 179 147 121 124 138 138 111 78 73 103 136 147 130 93 62 50 49 49 53 68 97 124 0 0 
0 0 99 123 145 150 132 104 88 89 93 97 102 110 119 119 110 107 110 116 121 125 127 131 139 152 165 174 179 183 187 190 192 194 196 198 193 172 142 132 139 137 112 83 84 119 158 168 139 87 56 49 49 51 62 88 118 139 0 0 
0 0 100 123 146 151 133 103 88 89 94 97 102 112 124 121 110 106 111 116 120 123 128 136 148 160 168 173 176 179 182 186 189 191 192 194 196 186 164 147 143 139 121 107 121 155 184 187 151 91 55 48 49 56 78 110 136 147 0 0 
0 0 103 124 147 152 134 105 89 90 95 98 102 115 128 123 108 105 110 115 119 124 131 142 153 162 168 171 173 175 178 181 184 186 186 188 191 189 179 163 154 149 144 147 164 184 196 192 155 93 55 47 51 68 99 129 146 150 0 0 
0 0 104 126 148 154 136 107 90 90 95 97 102 117 133 126 110 104 109 115 121 128 135 143 152 159 164 166 168 170 172 175 178 180 181 183 184 184 181 174 168 167 171 179 187 193 195 187 147 87 53 48 60 86 119 142 150 151 0 0 
0 0 105 127 150 156 138 108 90 90 94 96 101 119 139 133 115 106 109 117 124 131 136 142 148 155 160 162 164 165 166 169 172 174 176 176 176 176 177 178 179 182 187 191 192 189 185 172 129 76 51 53 74 107 135 149 152 151 0 0 
0 0 105 127 150 156 138 108 91 90 93 95 100 121 144 142 123 111 112 120 127 131 135 139 144 149 153 156 157 158 159 161 164 166 168 169 170 173 177 182 186 189 191 192 188 177 168 149 106 64 51 63 93 125 144 151 152 151 0 0 
0 0 105 128 151 157 139 108 91 90 93 94 100 122 149 150 132 117 116 122 127 130 133 136 139 140 140 140 143 145 145 146 146 149 156 163 171 176 181 185 188 190 191 187 175 159 147 125 84 56 55 78 112 138 149 151 151 150 0 0 
0 0 107 130 152 157 139 108 90 89 93 94 99 122 152 157 138 122 118 122 126 128 129 131 131 126 119 117 121 123 120 116 115 125 146 165 176 182 185 187 188 186 180 169 153 138 127 102 68 52 63 94 127 146 151 151 150 149 0 0 
0 0 109 131 152 157 140 108 89 89 93 94 98 119 151 159 141 124 119 121 124 125 126 125 118 108 96 93 98 98 92 88 95 118 149 171 180 184 184 182 178 169 157 144 133 123 105 78 56 54 75 110 139 151 153 152 150 149 0 0 
0 0 109 131 152 157 140 109 89 89 93 94 97 113 144 159 145 127 120 120 122 122 119 111 100 86 76 74 79 82 81 88 109 138 162 174 179 181 178 166 152 142 138 135 126 107 81 60 51 60 89 125 147 154 154 152 151 149 0 0 
0 0 108 129 151 157 140 109 89 88 92 94 96 108 134 156 150 130 120 119 119 115 105 93 80 70 63 63 68 76 88 111 139 161 171 173 176 178 170 146 123 121 130 129 109 82 61 51 52 69 103 135 152 156 155 153 152 150 0 0 
0 0 106 127 150 158 141 109 89 88 92 95 97 105 125 150 149 130 119 117 113 101 87 75 68 64 61 59 64 81 106 135 159 169 170 172 176 180 171 140 109 107 117 107 80 60 52 49 57 81 115 142 154 156 155 154 153 151 0 0 
0 0 104 125 150 158 141 110 89 89 93 96 99 105 120 141 143 126 115 110 99 83 69 63 63 64 64 62 75 100 128 153 165 166 167 172 180 186 180 148 107 94 100 86 62 53 51 51 64 94 126 145 153 154 154 154 153 151 0 0 
0 0 103 124 149 158 142 111 91 90 95 98 102 107 118 131 133 121 110 96 80 66 58 56 59 64 68 77 101 130 149 161 163 162 165 174 184 192 189 160 112 87 88 78 60 53 52 55 75 109 136 148 151 151 151 151 150 149 0 0 
0 0 102 124 149 159 143 112 92 91 96 99 103 109 115 121 122 115 101 82 66 58 55 54 57 64 77 100 131 152 159 157 155 156 164 175 185 192 191 167 118 84 82 77 62 55 53 61 88 122 144 151 151 150 148 147 146 145 0 0 
0 0 102 123 149 159 143 112 92 92 96 99 105 112 116 114 110 104 90 73 62 57 54 53 57 69 93 126 150 157 150 139 135 142 156 171 181 185 179 155 112 80 79 79 66 55 54 69 101 132 148 152 152 150 148 145 144 142 0 0 
0 0 100 122 149 160 144 112 92 91 95 99 107 119 121 109 96 89 80 70 61 57 54 53 60 82 118 147 153 139 122 112 111 120 140 161 173 168 149 123 91 71 76 81 68 56 57 78 113 139 149 151 151 150 148 146 144 141 0 0 
0 0 97 120 149 160 144 113 93 91 94 99 113 126 122 101 83 77 76 71 61 55 53 54 68 102 140 156 140 111 95 97 103 111 128 152 163 147 118 94 72 63 75 84 70 56 61 89 123 143 148 149 148 148 147 145 143 140 0 0 
0 0 94 118 149 161 146 115 95 93 96 101 114 122 109 88 73 72 78 74 61 52 50 58 83 123 151 150 128 104 97 109 121 121 127 147 158 139 111 90 69 61 75 86 72 58 68 100 131 145 148 147 147 146 144 142 141 141 0 0 
0 0 90 115 148 162 148 117 97 98 102 105 107 103 91 78 70 72 82 80 63 50 51 68 104 137 146 139 130 123 123 133 140 134 132 147 160 147 123 100 76 64 77 88 73 60 76 111 138 146 146 145 145 143 141 140 145 152 0 0 
0 0 86 112 147 163 148 118 99 101 108 105 95 85 81 76 67 70 81 82 67 53 58 87 121 134 129 129 137 143 147 151 151 142 135 148 165 159 137 112 85 68 77 88 74 64 86 121 142 146 145 144 142 140 139 145 158 170 0 0 
0 0 81 109 145 162 148 117 100 103 107 100 86 79 80 74 61 61 73 80 74 62 72 104 123 116 112 123 139 152 159 161 155 144 136 146 165 165 145 119 89 69 76 88 75 70 97 129 145 146 144 142 139 138 143 157 173 183 0 0 
0 0 77 106 143 160 147 117 101 102 103 94 84 82 83 73 57 56 68 79 80 74 88 111 109 95 100 120 137 150 159 160 153 140 133 142 162 165 146 119 87 67 74 87 80 80 108 137 146 146 143 140 138 139 151 169 183 189 0 0 
0 0 75 105 142 159 146 118 101 101 98 89 83 85 86 75 59 56 68 79 81 85 101 105 88 80 96 118 134 145 153 154 148 135 127 136 157 162 143 112 80 63 71 87 87 91 119 141 147 145 142 140 138 144 161 179 189 194 0 0 
0 0 77 107 143 159 147 118 100 97 92 85 81 84 89 82 66 61 68 77 83 96 104 90 71 75 97 117 131 140 147 149 144 133 126 134 152 156 135 101 71 60 69 86 95 105 128 144 146 144 142 139 139 151 171 186 193 197 0 0 
0 0 82 113 146 160 148 118 99 94 88 80 76 80 89 88 77 69 74 86 95 102 94 72 63 77 100 117 129 137 142 146 143 137 134 142 154 150 124 88 64 59 67 85 102 118 135 145 145 142 140 138 141 157 178 192 197 199 0 0 
0 0 84 117 149 161 148 119 99 94 86 76 72 76 86 91 87 84 93 107 108 95 75 60 61 78 100 117 127 134 138 140 140 139 143 152 156 142 109 75 59 60 66 84 108 127 140 145 144 141 139 137 143 162 184 195 198 200 0 0 
0 0 84 118 150 162 150 121 102 95 83 72 69 76 85 90 94 102 118 123 105 79 61 55 60 76 96 114 125 131 133 131 131 133 140 149 147 126 92 64 57 61 67 83 112 134 143 145 143 141 139 137 144 167 189 198 200 201 0 0 
0 0 84 119 151 163 151 123 103 94 80 68 71 83 90 92 100 117 131 121 91 64 53 53 59 71 88 106 119 128 130 127 124 127 134 139 131 106 75 57 57 63 67 84 115 138 145 146 144 141 139 136 146 171 193 201 202 202 0 0 
0 0 84 119 151 163 151 122 100 89 76 66 73 90 97 98 106 121 126 105 74 55 51 53 57 65 77 94 109 122 128 129 128 130 135 135 119 89 62 53 58 66 70 86 118 141 147 147 145 142 138 136 147 175 197 203 203 202 0 0 
0 0 84 119 150 162 149 119 95 83 71 64 72 90 100 103 109 115 109 84 61 52 51 52 54 59 67 79 95 111 124 131 136 141 144 135 109 75 55 53 61 69 73 89 120 140 146 145 144 142 137 134 148 178 199 204 203 198 0 0 
0 0 82 117 148 161 149 119 93 77 67 62 69 85 97 104 110 109 95 71 56 52 51 50 52 55 60 68 83 101 118 130 140 148 150 138 107 74 57 55 63 72 77 91 118 135 138 139 139 138 134 133 150 181 200 202 195 180 0 0 
0 0 78 111 145 160 150 123 93 73 64 61 68 82 93 101 107 108 96 75 60 55 52 50 50 53 57 66 82 101 117 129 139 147 152 147 127 100 78 65 66 74 79 93 116 128 128 128 128 128 126 129 151 183 198 194 173 142 0 0 
0 0 78 104 140 158 152 125 92 68 61 63 69 79 89 95 102 107 103 87 69 58 53 50 51 53 58 69 89 108 121 129 136 143 152 160 159 145 122 96 79 75 78 93 116 127 125 121 118 116 115 123 150 183 192 174 140 104 0 0 
0 0 89 103 136 158 153 126 89 63 59 65 69 73 80 86 94 105 108 96 78 62 54 52 52 56 62 73 93 113 124 131 135 142 153 166 175 176 166 143 111 85 77 92 119 132 130 125 119 113 112 123 154 183 181 148 110 88 0 0 
0 0 103 107 137 159 154 125 84 58 55 62 65 65 69 76 87 102 110 103 86 67 56 53 54 59 68 78 95 114 126 132 136 142 152 163 174 182 186 178 150 108 81 92 121 136 136 132 126 120 121 137 166 184 167 126 96 88 0 0 
0 0 112 111 138 160 154 121 79 55 52 59 62 60 61 69 82 98 109 106 92 72 58 53 54 62 75 84 98 116 127 132 136 142 150 159 168 178 188 193 179 138 96 96 122 137 137 134 129 127 136 157 180 182 152 113 95 94 0 0 
0 0 115 113 138 160 153 118 76 52 51 59 62 57 56 63 77 94 108 108 95 76 61 55 56 68 83 91 102 118 129 132 135 140 147 155 164 175 185 195 193 163 117 106 125 137 137 133 129 133 151 177 190 175 138 106 97 96 0 0 
0 0 115 114 137 160 152 116 74 52 51 58 61 55 52 58 72 90 105 105 93 76 64 58 61 77 92 97 106 121 130 132 134 138 144 152 161 171 183 193 197 179 140 120 128 137 136 132 129 137 162 187 190 163 125 102 96 95 0 0 
0 0 116 116 137 159 152 117 74 52 51 56 57 53 51 57 69 86 97 96 83 70 62 59 67 86 99 101 111 125 132 132 133 136 141 149 157 167 179 190 197 190 161 134 129 132 133 131 130 138 162 185 181 148 113 96 93 93 0 0 
0 0 117 119 138 159 153 119 77 54 51 53 55 53 52 58 70 82 88 85 74 61 54 58 73 92 100 104 116 129 133 133 133 135 139 146 153 163 175 186 196 195 175 142 121 118 122 123 127 137 157 176 167 132 102 91 90 91 0 0 
0 0 121 122 138 158 153 119 77 54 50 52 54 53 52 57 70 83 84 77 64 52 50 61 80 94 98 107 121 131 135 134 133 134 137 143 150 159 170 182 193 197 183 146 112 100 100 102 113 135 157 167 147 112 90 87 88 89 0 0 
0 0 128 127 140 158 152 116 76 53 49 52 54 54 52 56 68 83 86 73 56 47 51 67 85 93 99 112 126 133 135 135 134 134 135 140 146 154 165 177 189 197 189 155 114 93 85 82 98 132 156 152 121 92 83 85 88 88 0 0 
0 0 133 133 142 158 150 113 72 53 50 52 55 58 57 58 66 79 84 70 52 46 55 73 87 95 105 119 129 133 135 136 136 135 135 138 143 150 160 172 184 194 192 166 124 98 87 82 96 128 143 126 96 81 80 84 88 88 0 0 
0 0 136 138 145 158 149 108 68 52 52 55 59 64 66 65 67 76 79 67 52 51 64 80 94 104 115 124 130 132 135 136 137 137 136 137 141 148 156 167 179 190 193 175 134 104 95 94 103 119 120 102 84 79 81 85 90 87 0 0 
0 0 0 0 0 0 0 0 0 0 0 0 0 0 0 0 0 0 0 0 0 0 0 0 0 0 0 0 0 0 0 0 0 0 0 0 0 0 0 0 0 0 0 0 0 0 0 0 0 0 0 0 0 0 0 0 0 0 0 0 
0 0 0 0 0 0 0 0 0 0 0 0 0 0 0 0 0 0 0 0 0 0 0 0 0 0 0 0 0 0 0 0 0 0 0 0 0 0 0 0 0 0 0 0 0 0 0 0 0 0 0 0 0 0 0 0 0 0 0 0 
